17 0.016250 0.332867 0.032500 0.056957
17 0.031563 0.287115 0.029375 0.056956
17 0.063125 0.022876 0.045000 0.045752
17 0.056563 0.442110 0.025625 0.045752
17 0.280938 0.637255 0.010625 0.030812
17 0.300937 0.683007 0.024375 0.053221
17 0.307812 0.556957 0.030625 0.060691
17 0.336562 0.127918 0.026875 0.061624
17 0.343750 0.514472 0.031250 0.061625
17 0.507500 0.438842 0.128750 0.248366
17 0.521875 0.243231 0.017500 0.038282
17 0.614688 0.328665 0.016875 0.042950
17 0.717187 0.041550 0.014375 0.025210
17 0.730625 0.411298 0.015000 0.023342
17 0.742188 0.393091 0.013125 0.020541
17 0.746563 0.322595 0.021875 0.040149
17 0.802188 0.507937 0.030625 0.059757
17 0.848437 0.491596 0.030625 0.060691
17 0.924063 0.360878 0.023125 0.040149
17 0.929063 0.099907 0.025625 0.029879
