23 0.389375 0.667137 0.778750 0.663841
23 0.550625 0.261771 0.056250 0.043315
23 0.587813 0.240584 0.028125 0.042373
23 0.786563 0.317797 0.425625 0.300377
23 0.781250 0.885123 0.036250 0.062147
23 0.790312 0.928907 0.048125 0.051789
23 0.799375 0.969398 0.061250 0.055555
23 0.799375 0.811205 0.041250 0.055556
23 0.805625 0.766478 0.043750 0.048964
23 0.814063 0.847928 0.044375 0.044257
23 0.840625 0.795668 0.065000 0.065913
23 0.850625 0.951978 0.061250 0.071563
23 0.858750 0.874294 0.047500 0.036723
23 0.893437 0.845575 0.058125 0.071563
23 0.904375 0.915254 0.056250 0.071563
23 0.908750 0.967515 0.045000 0.036723
23 0.955000 0.927495 0.057500 0.069680
23 0.966875 0.970339 0.048750 0.046140
23 0.976250 0.870057 0.046250 0.062147
