16 0.062812 0.954584 0.059375 0.089167
16 0.102188 0.345833 0.045625 0.070000
16 0.110625 0.551667 0.062500 0.080000
16 0.104375 0.944584 0.041250 0.079167
16 0.112813 0.880834 0.058125 0.058333
16 0.157188 0.380000 0.025625 0.050000
16 0.301250 0.868750 0.042500 0.069166
16 0.327500 0.124583 0.043750 0.062500
16 0.481875 0.602500 0.050000 0.060000
16 0.526563 0.908750 0.059375 0.070834
16 0.529062 0.597500 0.046875 0.063334
16 0.530312 0.254583 0.049375 0.080833
16 0.564062 0.939167 0.051875 0.061667
16 0.571562 0.975000 0.059375 0.048334
16 0.576250 0.177084 0.061250 0.070833
16 0.580938 0.265834 0.051875 0.083333
16 0.611250 0.873750 0.042500 0.055834
16 0.642813 0.722916 0.049375 0.070833
16 0.655000 0.826250 0.052500 0.060834
16 0.655000 0.890416 0.050000 0.074167
16 0.676875 0.634583 0.045000 0.034167
16 0.690625 0.734166 0.048750 0.068333
16 0.698125 0.660834 0.031250 0.053333
16 0.721250 0.640416 0.038750 0.060833
16 0.725313 0.514583 0.046875 0.064167
16 0.762813 0.462917 0.049375 0.060833
16 0.752500 0.516250 0.023750 0.042500
