23 0.170938 0.140713 0.141875 0.247654
23 0.186875 0.361632 0.148750 0.212946
23 0.246250 0.159944 0.052500 0.197936
23 0.295625 0.287054 0.141250 0.225141
23 0.275938 0.018762 0.073125 0.037523
23 0.350938 0.111632 0.118125 0.159475
23 0.384375 0.646342 0.097500 0.185741
23 0.398125 0.308161 0.110000 0.190431
23 0.464375 0.219512 0.147500 0.221388
23 0.471875 0.825516 0.162500 0.240150
23 0.578750 0.156660 0.143750 0.223265
23 0.590938 0.357880 0.168125 0.282364
23 0.599063 0.774859 0.176875 0.257036
23 0.620625 0.630863 0.135000 0.136022
23 0.742813 0.464353 0.186875 0.238274
23 0.853750 0.403846 0.165000 0.252345
23 0.944063 0.281895 0.110625 0.269230
