13 0.015625 0.721250 0.031250 0.039166
13 0.023438 0.847917 0.046875 0.062500
13 0.460937 0.726667 0.914375 0.300000
13 0.044688 0.761667 0.036875 0.048333
13 0.045625 0.607500 0.016250 0.011666
13 0.085938 0.619583 0.021875 0.015833
13 0.090938 0.688750 0.029375 0.032500
13 0.089688 0.647083 0.014375 0.019167
13 0.130625 0.789583 0.046250 0.020833
13 0.122500 0.606666 0.015000 0.013333
13 0.158750 0.723750 0.038750 0.034166
13 0.177187 0.621250 0.014375 0.015834
13 0.183125 0.608750 0.012500 0.017500
13 0.191563 0.684584 0.021875 0.020833
13 0.200937 0.655833 0.019375 0.018333
13 0.201250 0.604167 0.012500 0.011667
13 0.228438 0.712084 0.025625 0.020833
13 0.235312 0.630833 0.019375 0.020000
13 0.264375 0.759167 0.030000 0.033333
13 0.260000 0.603333 0.011250 0.013333
13 0.260000 0.596666 0.006250 0.006667
13 0.285313 0.612084 0.015625 0.010833
13 0.302813 0.693750 0.024375 0.019166
13 0.312188 0.655000 0.020625 0.023334
13 0.335313 0.838750 0.054375 0.024166
13 0.327813 0.597500 0.010625 0.011666
13 0.330937 0.630834 0.016875 0.013333
13 0.333750 0.620417 0.013750 0.017500
13 0.351250 0.707083 0.038750 0.057500
13 0.341562 0.601667 0.009375 0.010000
13 0.366563 0.670416 0.023125 0.024167
13 0.370000 0.605833 0.008750 0.018333
13 0.388437 0.692083 0.025625 0.025833
13 0.419063 0.598333 0.011875 0.010000
13 0.423438 0.617083 0.015625 0.020833
13 0.446562 0.641250 0.015625 0.024166
13 0.504063 0.606667 0.009375 0.010000
13 0.532813 0.620416 0.016875 0.014167
13 0.538438 0.601667 0.015625 0.010000
13 0.544687 0.638750 0.020625 0.019166
13 0.571562 0.659583 0.021875 0.029167
13 0.590000 0.590417 0.005000 0.009167
13 0.594688 0.592917 0.009375 0.010833
13 0.599063 0.602500 0.010625 0.015000
13 0.632188 0.612084 0.014375 0.014167
13 0.654062 0.592083 0.004375 0.012500
13 0.660937 0.639584 0.018125 0.020833
13 0.672187 0.612917 0.009375 0.009167
13 0.676562 0.603333 0.010625 0.010000
13 0.694688 0.678750 0.025625 0.027500
13 0.707812 0.630000 0.018125 0.018334
13 0.710313 0.587916 0.008125 0.014167
13 0.715938 0.597500 0.006875 0.008334
13 0.724375 0.585834 0.005000 0.006667
13 0.727500 0.592083 0.008750 0.012500
13 0.759062 0.658750 0.018125 0.020834
13 0.765625 0.618750 0.010000 0.014166
13 0.782500 0.803750 0.043750 0.032500
13 0.769687 0.589584 0.005625 0.010833
13 0.794687 0.627500 0.019375 0.013334
13 0.800000 0.595834 0.008750 0.008333
13 0.817500 0.605833 0.010000 0.011667
13 0.820625 0.599166 0.011250 0.008333
13 0.824375 0.587917 0.008750 0.007500
13 0.865000 0.595417 0.005000 0.012500
13 0.870313 0.586667 0.010625 0.005000
13 0.870937 0.600834 0.009375 0.008333
13 0.882500 0.604167 0.003750 0.008333
13 0.890938 0.601667 0.015625 0.010000
13 0.892500 0.585000 0.007500 0.008334
13 0.912187 0.592083 0.011875 0.012500
