23 0.271563 0.815416 0.451875 0.184167
23 0.105000 0.826666 0.030000 0.048333
23 0.168125 0.790000 0.030000 0.051666
23 0.170625 0.841250 0.035000 0.057500
23 0.182188 0.777500 0.019375 0.036666
23 0.240625 0.827500 0.037500 0.066666
23 0.249688 0.875000 0.053125 0.061666
23 0.255937 0.783750 0.053125 0.075834
23 0.271562 0.849166 0.031875 0.051667
23 0.286250 0.889166 0.041250 0.046667
23 0.308438 0.792917 0.061875 0.067500
23 0.315937 0.850417 0.051875 0.069167
23 0.335938 0.922083 0.018125 0.032500
23 0.597813 0.860417 0.531875 0.277500
23 0.369062 0.875833 0.055625 0.073333
23 0.380312 0.887084 0.058125 0.065833
23 0.404375 0.921250 0.080000 0.089166
23 0.422500 0.846666 0.053750 0.056667
23 0.444688 0.752500 0.051875 0.048334
23 0.446562 0.887084 0.050625 0.079167
23 0.459375 0.817084 0.042500 0.039167
23 0.485938 0.922084 0.054375 0.119167
23 0.492188 0.839584 0.066875 0.074167
23 0.490313 0.794583 0.026875 0.022500
23 0.514062 0.780417 0.018125 0.020833
23 0.518750 0.796250 0.022500 0.025834
23 0.531562 0.770416 0.021875 0.025833
23 0.549687 0.858333 0.053125 0.056667
23 0.553438 0.882500 0.053125 0.056666
23 0.547813 0.780417 0.035625 0.034167
23 0.555000 0.811250 0.050000 0.065834
23 0.580625 0.979167 0.032500 0.040000
23 0.607187 0.919583 0.080625 0.104167
23 0.596250 0.840833 0.050000 0.055000
23 0.616250 0.831667 0.033750 0.041667
23 0.635000 0.980834 0.066250 0.033333
23 0.649062 0.882916 0.060625 0.070833
23 0.655625 0.825833 0.052500 0.070000
23 0.686250 0.931667 0.075000 0.100000
23 0.693750 0.979167 0.062500 0.040000
23 0.697500 0.835834 0.048750 0.053333
23 0.720938 0.895000 0.069375 0.108334
23 0.717500 0.814583 0.035000 0.030833
23 0.744687 0.978333 0.048125 0.041667
23 0.750625 0.831250 0.041250 0.074166
23 0.759062 0.955000 0.058125 0.063334
23 0.774375 0.848750 0.066250 0.075834
23 0.768125 0.792917 0.050000 0.029167
23 0.771875 0.927500 0.047500 0.040000
23 0.793125 0.890416 0.038750 0.024167
23 0.813125 0.821667 0.040000 0.051667
23 0.823750 0.875833 0.032500 0.033333
23 0.840313 0.863750 0.060625 0.042500
