7 0.084615 0.697833 0.162542 0.097110
7 0.244147 0.546549 0.115050 0.121990
7 0.377591 0.387640 0.103679 0.099519
7 0.525418 0.032905 0.034114 0.051364
7 0.557525 0.490770 0.087626 0.103531
7 0.548830 0.084671 0.035451 0.055378
7 0.637124 0.131220 0.046154 0.076244
7 0.661539 0.113162 0.020067 0.028892
7 0.741472 0.474318 0.111705 0.125200
7 0.785619 0.145666 0.047492 0.060192
7 0.864883 0.150883 0.037458 0.052970
7 0.866221 0.095907 0.017391 0.015248
7 0.897993 0.168940 0.034114 0.034511
7 0.942141 0.592295 0.088963 0.120385
7 0.919064 0.147673 0.038796 0.049759
7 0.963210 0.129214 0.046823 0.048155
