13 0.003750 0.962500 0.007500 0.065000
13 0.005625 0.683750 0.011250 0.085834
13 0.258125 0.413750 0.516250 0.280834
13 0.053437 0.646667 0.099375 0.156667
13 0.027500 0.719584 0.030000 0.079167
13 0.090625 0.712916 0.117500 0.150833
13 0.091250 0.899167 0.118750 0.200000
13 0.144375 0.963750 0.152500 0.070834
13 0.212812 0.855833 0.108125 0.168333
13 0.515000 0.480417 0.656250 0.130833
13 0.303750 0.792917 0.120000 0.190833
13 0.631875 0.840417 0.621250 0.317500
13 0.482500 0.766250 0.096250 0.160834
13 0.655938 0.327916 0.248125 0.094167
13 0.801250 0.448750 0.396250 0.139166
13 0.903750 0.342500 0.183750 0.065000
13 0.909687 0.509583 0.024375 0.030833
13 0.981250 0.646667 0.036250 0.050000
