18 0.043945 0.434570 0.027344 0.031250
18 0.082519 0.182129 0.022461 0.026367
18 0.106934 0.278809 0.036133 0.022461
18 0.110352 0.308593 0.015625 0.037109
18 0.111328 0.222656 0.017578 0.031250
18 0.134277 0.294922 0.040039 0.033203
18 0.130859 0.204101 0.015625 0.017579
18 0.298340 0.378906 0.038086 0.031250
18 0.301758 0.185547 0.041016 0.033203
18 0.306152 0.287109 0.032227 0.048828
18 0.334473 0.279297 0.034179 0.029297
18 0.334473 0.305175 0.024414 0.030273
18 0.356445 0.193359 0.025391 0.035157
18 0.369629 0.383789 0.051758 0.062500
18 0.391601 0.194336 0.027343 0.037110
18 0.455078 0.316406 0.037110 0.031250
18 0.505860 0.345214 0.035157 0.036133
18 0.536621 0.287110 0.026367 0.027343
18 0.557617 0.705566 0.027344 0.028321
