15 0.410312 0.801667 0.175625 0.258333
15 0.555312 0.798750 0.254375 0.267500
15 0.549063 0.478333 0.236875 0.328333
15 0.626250 0.739167 0.195000 0.248333
15 0.665937 0.336250 0.119375 0.344166
15 0.684063 0.721250 0.088125 0.194166
15 0.736563 0.615000 0.171875 0.258334
15 0.773125 0.557917 0.211250 0.287500
15 0.738437 0.308750 0.131875 0.314166
15 0.775000 0.072084 0.185000 0.135833
15 0.806562 0.367084 0.173125 0.234167
15 0.883125 0.081667 0.121250 0.148333
15 0.941250 0.078750 0.113750 0.157500
