23 0.435312 0.425943 0.174375 0.282075
23 0.450313 0.575472 0.124375 0.137736
23 0.467187 0.194811 0.076875 0.172641
23 0.550937 0.303774 0.230625 0.254717
23 0.520625 0.956133 0.137500 0.085849
23 0.527187 0.502830 0.083125 0.162264
23 0.582812 0.763208 0.120625 0.330189
23 0.638437 0.427359 0.185625 0.201887
23 0.700000 0.924528 0.221250 0.143396
23 0.709375 0.743868 0.153750 0.257548
23 0.690312 0.248113 0.110625 0.239623
23 0.692500 0.567924 0.101250 0.222641
23 0.774375 0.115567 0.145000 0.195283
23 0.795937 0.300000 0.180625 0.220754
23 0.804375 0.677831 0.153750 0.276415
