12 0.282500 0.847917 0.070000 0.067500
12 0.329688 0.412917 0.063125 0.117500
12 0.398750 0.563750 0.046250 0.119166
12 0.422500 0.351666 0.066250 0.143333
12 0.464062 0.564167 0.048125 0.055000
12 0.489687 0.513750 0.091875 0.132500
12 0.489687 0.836666 0.060625 0.096667
12 0.551875 0.498333 0.040000 0.063333
12 0.574375 0.374166 0.033750 0.066667
12 0.588750 0.744583 0.046250 0.067500
12 0.664062 0.320833 0.086875 0.095000
12 0.660937 0.447083 0.061875 0.075833
12 0.677812 0.614583 0.054375 0.079167
12 0.765625 0.512917 0.048750 0.072500
12 0.916562 0.735000 0.059375 0.071666
12 0.923125 0.061667 0.051250 0.055000
12 0.926562 0.648750 0.016875 0.027500
