11 0.290806 0.438125 0.189493 0.102500
11 0.302532 0.252188 0.166041 0.119375
11 0.393527 0.653750 0.134146 0.116250
11 0.433396 0.534062 0.202626 0.143125
11 0.456379 0.805625 0.192308 0.130000
11 0.528142 0.366563 0.212007 0.153125
11 0.529550 0.660625 0.214822 0.112500
11 0.844747 0.451875 0.199812 0.126250
11 0.833020 0.565625 0.140713 0.087500
11 0.818012 0.253125 0.099437 0.080000
11 0.909006 0.706562 0.180113 0.119375
11 0.915104 0.366563 0.079737 0.040625
11 0.965291 0.204375 0.067542 0.071250
