19 0.269687 0.198300 0.139375 0.239849
19 0.492188 0.403211 0.038125 0.073655
19 0.518750 0.416903 0.055000 0.053824
19 0.533125 0.509915 0.056250 0.058546
19 0.552500 0.271482 0.082500 0.093485
19 0.592187 0.356468 0.118125 0.108593
19 0.553125 0.479698 0.035000 0.071766
19 0.591875 0.490085 0.050000 0.077432
19 0.590938 0.238432 0.045625 0.127479
19 0.590313 0.408876 0.034375 0.073655
19 0.618437 0.467422 0.039375 0.066100
19 0.634688 0.395656 0.069375 0.088763
19 0.648438 0.254013 0.076875 0.143532
19 0.674375 0.409821 0.036250 0.064211
19 0.679375 0.356940 0.046250 0.088763
19 0.697500 0.241265 0.053750 0.110481
19 0.736563 0.372993 0.080625 0.141643
19 0.770938 0.362606 0.058125 0.139754
19 0.875625 0.498112 0.046250 0.053825
19 0.889687 0.457507 0.035625 0.085930
19 0.923437 0.463173 0.041875 0.085930
19 0.942500 0.446648 0.045000 0.060434
