20 0.105178 0.782663 0.171522 0.154941
20 0.204962 0.118509 0.153182 0.097990
20 0.332255 0.237437 0.168285 0.146566
20 0.334412 0.750838 0.142394 0.159967
20 0.362459 0.386516 0.135923 0.099665
20 0.456850 0.234506 0.098166 0.113903
20 0.625134 0.392379 0.257821 0.176717
20 0.553398 0.597152 0.103560 0.077052
20 0.671521 0.654104 0.203884 0.145728
20 0.649946 0.776382 0.115426 0.115578
20 0.849514 0.636097 0.203883 0.138191
20 0.838727 0.529313 0.124056 0.078727
20 0.973031 0.500838 0.051780 0.105527
