24 0.136875 0.832917 0.068750 0.135833
24 0.292813 0.658333 0.090625 0.100000
24 0.374687 0.906250 0.148125 0.182500
24 0.411562 0.569583 0.069375 0.077500
24 0.446562 0.519583 0.056875 0.064167
24 0.474062 0.745416 0.098125 0.135833
24 0.527813 0.460000 0.049375 0.051666
24 0.538125 0.663750 0.065000 0.085834
24 0.570937 0.590417 0.070625 0.070833
24 0.569688 0.425833 0.036875 0.035000
24 0.589063 0.400834 0.036875 0.036667
24 0.606563 0.538750 0.044375 0.067500
24 0.625000 0.475833 0.035000 0.055000
24 0.639375 0.395417 0.052500 0.032500
24 0.641875 0.435417 0.035000 0.042500
24 0.672500 0.412084 0.031250 0.044167
