10 0.221139 0.471000 0.166417 0.128000
10 0.320839 0.694500 0.272863 0.111000
10 0.240630 0.403500 0.064468 0.041000
10 0.291604 0.487000 0.163418 0.150000
10 0.329086 0.754000 0.205397 0.090000
10 0.320840 0.852500 0.179910 0.097000
10 0.309596 0.422000 0.145427 0.120000
10 0.500749 0.395500 0.200899 0.109000
10 0.548725 0.424000 0.182909 0.212000
10 0.522489 0.440000 0.118441 0.160000
10 0.561469 0.348000 0.124438 0.174000
10 0.626687 0.657500 0.128935 0.057000
10 0.742878 0.714000 0.244377 0.086000
10 0.830585 0.710000 0.299850 0.144000
10 0.867317 0.663000 0.262369 0.088000
