21 0.211875 0.545833 0.423750 0.451667
21 0.258125 0.740834 0.508750 0.328333
21 0.248125 0.260000 0.218750 0.113334
21 0.361875 0.160834 0.161250 0.081667
21 0.412500 0.259166 0.217500 0.101667
21 0.645625 0.790000 0.533750 0.416666
21 0.515000 0.137500 0.172500 0.091666
21 0.608125 0.250833 0.211250 0.115000
21 0.668125 0.120834 0.156250 0.088333
21 0.786875 0.430000 0.306250 0.236666
21 0.822500 0.230000 0.212500 0.113334
21 0.783750 0.853333 0.042500 0.086667
21 0.850625 0.098333 0.166250 0.103333
