15 0.178125 0.387112 0.108750 0.117592
15 0.182812 0.776576 0.089375 0.110066
15 0.202187 0.275165 0.123125 0.113829
15 0.235937 0.338665 0.095625 0.129821
15 0.238125 0.765757 0.097500 0.139229
15 0.250625 0.680150 0.063750 0.141111
15 0.300625 0.691910 0.115000 0.136406
15 0.318438 0.773753 0.074375 0.042333
15 0.374375 0.062089 0.091250 0.111007
15 0.406250 0.928033 0.145000 0.142051
15 0.395625 0.114299 0.112500 0.111948
15 0.392813 0.723424 0.081875 0.165569
15 0.408750 0.149106 0.096250 0.115710
15 0.422500 0.391816 0.095000 0.138288
15 0.585625 0.886171 0.115000 0.190028
15 0.585000 0.310912 0.092500 0.134525
15 0.631250 0.349483 0.105000 0.104421
15 0.625938 0.428504 0.076875 0.068674
15 0.654375 0.744120 0.117500 0.148636
15 0.646875 0.114299 0.100000 0.100658
15 0.651250 0.632173 0.103750 0.171214
15 0.653125 0.396989 0.063750 0.079021
15 0.680000 0.105362 0.061250 0.097836
15 0.712500 0.456256 0.096250 0.133584
15 0.720312 0.412512 0.095625 0.117592
15 0.753750 0.253057 0.096250 0.150517
15 0.773438 0.642991 0.096875 0.192851
15 0.802188 0.600188 0.073125 0.154280
