19 0.120312 0.343720 0.066875 0.152975
19 0.183125 0.751181 0.110000 0.189801
19 0.216250 0.601039 0.087500 0.195467
19 0.283438 0.387158 0.085625 0.162417
19 0.415625 0.452785 0.172500 0.437205
19 0.648125 0.805005 0.046250 0.085930
19 0.668125 0.604344 0.042500 0.083097
19 0.689688 0.416903 0.060625 0.114259
19 0.741563 0.952314 0.035625 0.053825
19 0.756875 0.796034 0.038750 0.071766
19 0.769375 0.650613 0.042500 0.081209
19 0.784687 0.393768 0.073125 0.130312
19 0.768438 0.927762 0.020625 0.048158
19 0.783750 0.570822 0.051250 0.082153
19 0.810312 0.784702 0.039375 0.060435
19 0.839063 0.335694 0.059375 0.099150
19 0.846250 0.487725 0.050000 0.119925
19 0.874375 0.389518 0.062500 0.121813
19 0.869062 0.548631 0.036875 0.045326
19 0.989062 0.285175 0.020625 0.071766
