17 0.032031 0.172656 0.064062 0.076563
17 0.060156 0.266406 0.120312 0.139063
17 0.072656 0.086719 0.145313 0.120312
17 0.144531 0.158594 0.160938 0.164062
17 0.492968 0.421094 0.579687 0.457812
17 0.383594 0.175000 0.201562 0.084375
17 0.423438 0.775781 0.253125 0.245313
17 0.391406 0.082031 0.167187 0.164062
17 0.560938 0.107812 0.165625 0.212499
17 0.728907 0.665625 0.164063 0.231250
17 0.824218 0.110937 0.204687 0.221875
17 0.959376 0.182032 0.078125 0.170313
17 0.963282 0.056250 0.070313 0.112500
