17 0.134804 0.147059 0.174836 0.202614
17 0.190359 0.780228 0.272875 0.410131
17 0.097222 0.691176 0.080065 0.098039
17 0.147875 0.901960 0.086601 0.107843
17 0.147059 0.621732 0.075164 0.086602
17 0.220589 0.841503 0.081699 0.091503
17 0.236112 0.684640 0.102941 0.094771
17 0.245915 0.928104 0.093138 0.114379
17 0.285131 0.785948 0.089869 0.094771
17 0.415033 0.927288 0.084967 0.089869
17 0.455066 0.891339 0.060457 0.102941
17 0.495915 0.888888 0.096406 0.124183
17 0.669934 0.791667 0.065359 0.080065
17 0.847222 0.559640 0.263072 0.279411
