20 0.220312 0.753125 0.070313 0.101250
20 0.492188 0.183750 0.053125 0.092500
20 0.584375 0.853125 0.051562 0.098750
20 0.605859 0.750000 0.063281 0.095000
20 0.719922 0.319375 0.066406 0.113750
20 0.725000 0.951250 0.067188 0.095000
20 0.790234 0.868125 0.055469 0.121250
20 0.799609 0.279375 0.074219 0.136250
20 0.819531 0.877500 0.073438 0.087500
20 0.848046 0.510000 0.067969 0.115000
20 0.847657 0.305000 0.059375 0.110000
20 0.869922 0.940625 0.042969 0.113750
20 0.900781 0.910625 0.068750 0.098750
