20 0.024436 0.567500 0.048872 0.040000
20 0.068609 0.566875 0.054512 0.048750
20 0.071429 0.561875 0.060151 0.043750
20 0.178571 0.395625 0.071429 0.043750
20 0.180451 0.401250 0.063910 0.047500
20 0.264097 0.215625 0.065789 0.058750
20 0.326128 0.570625 0.054511 0.036250
20 0.334587 0.537500 0.071429 0.032500
20 0.325188 0.569375 0.048872 0.033750
20 0.335527 0.537500 0.069549 0.022500
20 0.377819 0.284375 0.090225 0.038750
20 0.383458 0.282500 0.093985 0.040000
20 0.377819 0.578750 0.041353 0.042500
20 0.387219 0.569375 0.056391 0.036250
20 0.465226 0.349375 0.099624 0.038750
20 0.467106 0.348125 0.095865 0.043750
20 0.574248 0.260000 0.080827 0.052500
20 0.574248 0.260625 0.077068 0.056250
20 0.614661 0.623125 0.090225 0.043750
20 0.611843 0.624375 0.069549 0.046250
20 0.765977 0.580000 0.088346 0.035000
20 0.769737 0.576875 0.088346 0.041250
20 0.787594 0.275625 0.071428 0.038750
